open,high,low,close,volume,Date
124.5,124.73,122.94,123.41,8130493,2020-01-02
122.16,123.53,121.86,122.58,7970514,2020-01-03
122.57,123.19,122.38,122.75,6668540,2020-01-06
122.88,123.21,121.87,121.99,7583952,2020-01-07
122.19,123.43,122.0,122.51,5385050,2020-01-08
122.51,123.88,122.51,123.85,5943993,2020-01-09
123.9,124.32,123.3,123.97,3927056,2020-01-10
124.0,124.9,123.81,124.88,8409206,2020-01-13
124.65,125.2,124.48,124.69,7829661,2020-01-14
125.06,126.12,125.01,125.96,4843703,2020-01-15
126.11,126.78,125.59,126.07,6233709,2020-01-16
126.35,127.0,125.88,126.41,11314279,2020-01-17
126.41,126.62,124.84,126.09,8553058,2020-01-21
126.33,126.68,125.83,126.31,7389885,2020-01-22
124.3,126.55,123.65,124.99,11094894,2020-01-23
125.22,126.79,124.77,125.14,9507926,2020-01-24
124.75,126.39,124.75,125.69,9338366,2020-01-27
125.93,126.98,125.72,126.03,6200225,2020-01-28
125.91,126.07,125.03,125.06,5271002,2020-01-29
124.79,126.06,124.42,125.95,5894323,2020-01-30
125.99,126.95,124.46,124.62,6612044,2020-01-31
124.66,125.95,124.49,125.11,6052347,2020-02-03
125.71,127.35,125.36,125.66,6511673,2020-02-04
125.91,127.06,125.4,126.81,6125374,2020-02-05
126.9,128.09,126.6,127.14,9101130,2020-02-06
127.19,127.27,126.05,126.08,5915099,2020-02-07
126.46,126.83,125.76,126.17,5216051,2020-02-10
126.27,126.27,124.03,124.16,6104952,2020-02-11
123.68,123.97,122.85,123.45,6031715,2020-02-12
123.73,125.28,123.52,124.96,7158978,2020-02-13
125.29,126.15,124.79,126.14,5889118,2020-02-14
125.83,126.18,124.83,124.87,6767599,2020-02-18
124.85,126.47,124.65,125.44,4733009,2020-02-19
125.47,126.76,125.13,126.58,6094584,2020-02-20
126.13,128.07,125.98,126.7,8723867,2020-02-21
125.26,126.59,123.14,123.3,7533813,2020-02-24
123.02,123.96,120.88,121.43,8903063,2020-02-25
121.42,122.39,119.85,120.16,6889333,2020-02-26
119.12,119.92,113.43,113.5,13296811,2020-02-27
109.46,113.23,106.67,113.23,22784231,2020-02-28
113.19,119.79,112.55,119.56,12396701,2020-03-02
119.73,121.84,117.14,118.17,12510139,2020-03-03
119.88,124.69,119.6,124.5,9459193,2020-03-04
121.3,122.9,120.28,121.63,9363472,2020-03-05
118.03,122.61,117.55,121.66,9816841,2020-03-06
115.27,120.03,115.12,116.06,13108047,2020-03-09
118.96,120.82,114.44,120.55,11418302,2020-03-10
117.6,118.44,110.68,111.59,16405659,2020-03-11
103.0,111.58,101.0,101.84,20977097,2020-03-12
106.5,114.63,105.41,114.07,17232526,2020-03-13
101.75,115.95,101.0,108.5,17354933,2020-03-16
111.45,119.7,110.77,118.24,19431050,2020-03-17
113.02,121.5,112.09,117.45,23060349,2020-03-18
116.61,118.0,109.79,110.83,16427034,2020-03-19
109.19,109.7,101.59,102.43,19918850,2020-03-20
100.19,103.75,94.34,97.7,17772190,2020-03-23
101.23,104.0,96.07,103.27,14622330,2020-03-24
100.51,104.7,98.6,100.92,13787436,2020-03-25
103.88,108.31,102.53,107.38,15794283,2020-03-26
106.49,114.29,106.49,110.17,16072583,2020-03-27
113.9,115.79,110.2,115.0,14568010,2020-03-30
113.5,114.29,108.95,110.0,21684183,2020-03-31
107.95,112.18,107.0,109.33,11092492,2020-04-01
107.69,114.99,107.5,114.4,9167662,2020-04-02
113.74,115.9,113.01,115.08,7768513,2020-04-03
117.0,119.0,114.58,117.81,16846908,2020-04-06
116.71,120.06,112.5,112.77,14435950,2020-04-07
114.39,117.3,111.86,115.1,12563977,2020-04-08
115.26,118.66,114.2,114.66,12747011,2020-04-09
113.61,116.75,113.16,115.95,7911132,2020-04-13
118.76,121.47,116.25,120.96,10470763,2020-04-14
120.86,123.42,119.59,121.22,14174723,2020-04-15
122.35,122.5,119.9,121.5,11975467,2020-04-16
122.45,124.99,120.54,124.69,15897890,2020-04-17
121.47,123.23,120.54,120.6,10827744,2020-04-20
119.5,120.3,118.43,119.68,9463683,2020-04-21
119.99,120.28,118.78,119.4,10258797,2020-04-22
118.65,119.67,118.05,119.4,17275037,2020-04-23
119.1,119.76,118.62,118.78,12750998,2020-04-24
119.19,119.19,116.9,117.45,10632967,2020-04-27
117.1,117.91,116.17,116.89,9956368,2020-04-28
117.52,118.05,115.08,117.08,8702944,2020-04-29
115.92,118.28,115.66,117.87,10023428,2020-04-30
117.6,118.37,116.32,116.82,7366312,2020-05-01
117.09,117.2,115.0,115.77,5635194,2020-05-04
115.8,117.26,115.21,116.01,5425171,2020-05-05
115.54,116.14,112.89,113.1,7889029,2020-05-06
114.06,114.14,111.82,112.17,8762781,2020-05-07
113.52,116.3,113.39,115.95,9279935,2020-05-08
115.75,116.01,114.92,115.31,6946063,2020-05-11
115.2,115.9,114.14,114.55,6731018,2020-05-12
114.28,115.35,113.73,113.92,9310900,2020-05-13
113.54,114.45,111.25,113.81,9309637,2020-05-14
113.93,114.79,112.05,114.61,10694802,2020-05-15
116.03,116.99,114.71,116.21,10020526,2020-05-18
115.09,115.64,112.34,112.44,8043648,2020-05-19
113.0,113.77,112.13,113.28,6592844,2020-05-20
112.8,113.2,111.43,111.62,6602530,2020-05-21
112.29,113.6,111.76,112.6,5571923,2020-05-22
114.15,114.15,111.68,112.03,10431551,2020-05-26
112.5,113.97,111.82,113.89,8277750,2020-05-27
115.53,116.99,114.9,116.06,6586712,2020-05-28
116.13,116.72,114.62,115.92,7867972,2020-05-29
116.0,117.5,115.26,117.25,5104644,2020-06-01
117.07,118.14,116.82,118.06,6327113,2020-06-02
118.1,119.19,117.95,118.53,6170865,2020-06-03
118.0,118.83,115.57,116.05,6895807,2020-06-04
116.25,118.83,116.05,118.33,7335646,2020-06-05
117.44,119.12,116.84,119.05,6924600,2020-06-08
119.4,119.76,118.15,118.34,5560941,2020-06-09
119.0,119.89,118.11,119.23,6673363,2020-06-10
118.81,119.57,116.0,116.26,8936160,2020-06-11
116.59,118.05,115.26,115.62,7998450,2020-06-12
114.55,117.28,113.76,116.69,8785764,2020-06-15
118.53,118.97,116.93,118.13,8165082,2020-06-16
118.39,119.11,117.44,117.93,6320712,2020-06-17
117.46,119.96,117.37,119.28,6171958,2020-06-18
120.49,121.82,118.83,118.92,17506157,2020-06-19
118.78,119.08,117.34,117.75,5694412,2020-06-22
118.67,119.19,117.65,117.73,5340314,2020-06-23
117.22,117.96,116.28,116.42,6546633,2020-06-24
116.99,118.03,116.03,117.89,5487088,2020-06-25
117.59,118.47,115.04,115.23,23210656,2020-06-26
116.51,118.05,116.35,117.66,6866923,2020-06-29
117.97,119.99,117.8,119.57,7818006,2020-06-30
119.65,120.39,118.9,119.98,6506575,2020-07-01
121.0,122.57,120.53,120.88,6149897,2020-07-02
121.77,122.41,120.88,121.63,6022517,2020-07-06
121.3,123.25,120.89,122.22,6866349,2020-07-07
122.15,123.24,122.0,122.89,6493367,2020-07-08
122.82,123.98,121.81,122.48,5340471,2020-07-09
122.57,124.5,122.47,123.89,6752407,2020-07-10
124.0,125.59,123.34,124.05,7680531,2020-07-13
123.99,125.66,123.5,125.09,6271024,2020-07-14
125.98,126.9,124.26,124.5,8142598,2020-07-15
125.08,125.52,123.91,124.76,3959308,2020-07-16
125.09,126.07,124.83,125.63,4868578,2020-07-17
125.47,125.84,124.79,125.24,4241508,2020-07-20
125.49,126.64,124.92,125.07,5162335,2020-07-21
125.5,126.4,124.21,126.14,5929208,2020-07-22
126.12,127.18,125.6,126.16,6664788,2020-07-23
126.99,127.77,125.315,125.96,6014523,2020-07-24
125.71,126.64,125.54,126.32,6464784,2020-07-27
126.37,128.46,126.29,127.88,7644674,2020-07-28
127.56,129.24,127.36,128.31,6702034,2020-07-29
130.66,132.03,129.65,131.42,10400727,2020-07-30
130.0065,131.21,129.27,131.12,8487840,2020-07-31
130.47,131.92,130.47,131.29,7770344,2020-08-03
130.77,133.93,130.7,133.79,7737154,2020-08-04
133.59,134.65,133.12,133.44,5680385,2020-08-05
132.8502,133.37,132.12,132.71,3974322,2020-08-06
132.89,133.64,132.45,133.55,4934948,2020-08-07
133.7,134.4399,133.185,134.1,5812760,2020-08-10
134.27,134.7399,132.795,133.23,5330012,2020-08-11
133.77,135.97,133.7,135.46,5920397,2020-08-12
135.08,135.87,134.93,135.78,4989503,2020-08-13
135.61,135.64,134.55,135.1,5845231,2020-08-14
134.94,135.7,134.66,135.5,5590107,2020-08-17
135.81,137.52,135.42,136.51,8670776,2020-08-18
135.54,136.32,135.5,135.77,6827671,2020-08-19
135.24,136.98,135.19,136.85,4352541,2020-08-20
136.6,138.101,135.91,137.44,5706678,2020-08-21
137.49,138.78,137.2,138.51,7420504,2020-08-24
139.0,139.15,137.8,139.06,4718309,2020-08-25
138.57,139.32,138.25,138.39,4746223,2020-08-26
138.84,139.69,138.18,138.21,6156418,2020-08-27
138.32,138.91,136.95,138.77,4166280,2020-08-28
138.19,138.73,137.82,138.33,5597152,2020-08-31
137.86,138.22,137.07,138.18,5672308,2020-09-01
138.11,141.44,137.61,140.51,8384795,2020-09-02
140.74,141.7,137.09,138.26,7277910,2020-09-03
137.81,139.19,136.12,137.96,7437835,2020-09-04
138.52,138.64,135.038,135.94,6847640,2020-09-08
136.42,139.56,136.27,138.15,6002891,2020-09-09
138.12,138.715,136.51,136.7,5242617,2020-09-10
137.69,138.66,137.16,138.14,4398051,2020-09-11
138.44,139.58,138.33,138.63,4767466,2020-09-14
138.79,139.77,138.39,138.63,4046529,2020-09-15
139.57,140.17,137.6,137.7,6050037,2020-09-16
137.06,137.88,136.19,137.52,4648708,2020-09-17
136.91,137.93,136.26,137.37,10192776,2020-09-18
137.0,137.47,134.7,136.71,7092706,2020-09-21
136.49,139.03,136.24,137.96,4723016,2020-09-22
138.42,138.42,136.09,136.31,6374016,2020-09-23
136.665,137.15,135.71,136.92,5708196,2020-09-24
135.89,137.99,135.89,137.62,4970184,2020-09-25
138.56,139.94,137.78,138.01,5810836,2020-09-28
138.39,138.42,136.66,137.26,4493156,2020-09-29
138.16,139.85,137.81,138.99,8727963,2020-09-30
139.58,139.99,138.21,139.24,5713511,2020-10-01
137.93,139.12,136.95,138.12,6077907,2020-10-02
138.72,139.65,138.3,139.39,6333929,2020-10-05
139.42,140.77,138.81,139.61,6042878,2020-10-06
140.08,141.39,139.37,140.7,4640939,2020-10-07
140.56,141.93,140.3635,141.65,4570134,2020-10-08
141.84,143.64,141.7,142.92,6551774,2020-10-09
143.33,145.33,143.33,144.49,5791704,2020-10-12
143.82,144.84,143.46,144.21,4509433,2020-10-13
144.18,145.1,143.08,144.04,3860801,2020-10-14
143.06,144.39,142.89,143.83,4997147,2020-10-15
144.42,145.87,143.92,144.39,6807859,2020-10-16
144.47,145.39,141.13,141.91,6427561,2020-10-19
145.61,145.69,141.9,142.48,7585241,2020-10-20
142.49,144.3368,142.47,143.25,5649652,2020-10-21
141.49,142.75,141.08,141.45,4503323,2020-10-22
141.76,142.88,141.76,142.38,4278287,2020-10-23
141.5,142.05,140.01,141.3,5315562,2020-10-26
141.94,143.34,141.65,142.36,6806665,2020-10-27
140.45,140.935,137.31,137.66,8192153,2020-10-28
137.35,139.09,135.7988,137.57,5476878,2020-10-29
137.18,137.99,134.68,137.1,6422103,2020-10-30
138.51,140.0,137.4359,138.5,6682895,2020-11-02
139.32,142.66,139.32,141.22,6244208,2020-11-03
140.46,143.0,140.27,140.64,5820621,2020-11-04
142.44,143.53,141.78,142.38,5673138,2020-11-05
142.67,144.07,142.38,143.23,4702528,2020-11-06
146.15,146.92,137.6,137.99,12664662,2020-11-09
138.1,140.6206,137.15,140.26,7853955,2020-11-10
141.85,143.0,140.65,142.07,5554342,2020-11-11
142.295,142.55,141.07,142.15,5632667,2020-11-12
142.21,144.48,141.88,144.28,6467021,2020-11-13
144.78,144.78,141.265,142.43,7976828,2020-11-16
141.89,143.47,141.75,141.88,6396807,2020-11-17
141.99,142.1,139.66,139.7,6097357,2020-11-18
139.87,140.115,138.447,139.53,5284085,2020-11-19
139.53,140.35,138.63,139.3,4727377,2020-11-20
139.32,139.95,137.8627,138.76,4771187,2020-11-23
138.83,139.84,138.07,138.31,7085825,2020-11-24
138.16,139.39,138.04,138.68,8411414,2020-11-25
138.59,138.89,137.53,138.61,4252166,2020-11-27
138.0,139.2,136.74,138.87,11640396,2020-11-30
139.16,139.54,138.16,139.37,7113152,2020-12-01
139.37,139.94,137.485,138.36,6963009,2020-12-02
138.09,138.35,135.54,137.34,8742470,2020-12-03
137.21,137.86,135.87,137.47,6617372,2020-12-04
136.61,137.735,136.56,137.68,6918027,2020-12-07
137.02,138.78,136.43,138.05,6493708,2020-12-08
137.83,138.04,136.25,136.41,6773608,2020-12-09
136.52,136.92,135.04,135.51,6800847,2020-12-10
134.46,136.8,134.2001,136.51,6548068,2020-12-11
137.02,137.93,135.77,135.85,6485252,2020-12-14
136.39,137.54,136.24,136.65,5398197,2020-12-15
136.71,138.27,136.71,137.27,5382469,2020-12-16
138.01,139.12,137.95,138.25,7405252,2020-12-17
138.26,140.07,137.45,139.04,19988803,2020-12-18
137.96,138.43,136.22,137.52,6732371,2020-12-21
137.29,138.07,136.38,136.55,5023425,2020-12-22
137.39,137.55,136.13,136.34,6004252,2020-12-23
136.2,138.13,136.2,137.72,2588169,2020-12-24
138.15,139.3935,137.945,138.68,3683567,2020-12-28
139.22,139.94,138.2,138.42,5139415,2020-12-29
138.6,138.9214,137.55,137.77,3261417,2020-12-30
138.31,139.29,137.39,139.14,4076415,2020-12-31
139.66,139.86,136.35,137.82,8330985,2021-01-04
137.99,138.92,136.27,138.7,6856411,2021-01-05
138.77,141.04,138.6,140.16,10577952,2021-01-06
139.75,140.13,138.04,138.85,7355623,2021-01-07
138.47,139.055,137.0,138.79,7448475,2021-01-08
138.75,139.44,137.6,137.85,7240037,2021-01-11
137.85,138.25,136.24,137.05,6327610,2021-01-12
137.1,138.07,137.1,137.26,6078874,2021-01-13
137.43,137.65,135.28,135.8,6172796,2021-01-14
135.25,136.2,134.66,134.78,7757624,2021-01-15
135.7,136.36,133.56,133.6,9184920,2021-01-19
132.53,133.8,131.26,131.93,12506633,2021-01-20
130.65,131.99,130.505,131.01,8765692,2021-01-21
131.02,131.47,129.99,130.0,7202837,2021-01-22
129.95,133.0,129.9,132.24,9639958,2021-01-25
132.25,133.47,131.43,133.09,5996689,2021-01-26
132.39,133.1,127.7,128.38,10826688,2021-01-27
127.84,131.65,127.4405,130.36,8242252,2021-01-28
130.19,130.29,128.07,128.21,8344091,2021-01-29
129.0,129.6597,128.2,128.97,6534168,2021-02-01
129.6,130.72,128.69,128.79,6792003,2021-02-02
128.95,129.195,127.75,128.95,7309656,2021-02-03
129.38,129.455,128.58,129.03,6613694,2021-02-04
129.12,130.0961,129.03,129.57,5063663,2021-02-05
129.93,130.1,128.11,129.17,7011334,2021-02-08
129.46,129.94,128.23,128.67,5909163,2021-02-09
128.75,129.16,127.96,128.22,8397257,2021-02-10
128.54,129.33,128.205,128.33,6139426,2021-02-11
128.0,128.13,126.58,127.62,8407254,2021-02-12
127.97,128.17,126.99,127.92,8246039,2021-02-16
127.19,129.49,127.11,128.46,8835778,2021-02-17
127.81,129.845,127.59,129.53,6936352,2021-02-18
129.35,129.44,127.02,127.12,8277918,2021-02-19
126.79,127.244,126.38,126.58,6839842,2021-02-22
127.78,129.93,127.19,127.52,10145342,2021-02-23
127.35,128.24,126.91,127.66,7263025,2021-02-24
127.49,128.99,126.29,126.58,7762919,2021-02-25
126.54,126.93,121.82,123.53,17630117,2021-02-26
124.16,125.49,124.0,124.29,7740158,2021-03-01
123.87,124.86,123.43,123.9,10206557,2021-03-02
123.77,124.2,122.785,123.16,7536965,2021-03-03
123.1,124.77,121.54,122.15,10228116,2021-03-04
122.76,126.33,122.5463,125.98,10491004,2021-03-05
125.76,128.895,125.32,127.31,9224659,2021-03-08
127.645,128.915,126.06,126.18,8859731,2021-03-09
126.15,128.42,125.47,127.34,9070895,2021-03-10
127.13,127.85,126.72,126.91,6941802,2021-03-11
127.65,128.82,127.65,128.14,6521993,2021-03-12
128.39,129.04,127.19,128.56,7172764,2021-03-15
128.51,129.98,128.51,128.94,6485164,2021-03-16
129.11,129.84,128.3528,128.42,6192905,2021-03-17
128.21,129.035,127.04,128.7,6871342,2021-03-18
129.1,129.74,127.9,128.01,20262097,2021-03-19
128.01,130.885,128.01,130.18,8077630,2021-03-22
130.41,133.29,129.99,132.6,9503792,2021-03-23
130.9395,133.14,130.62,132.56,8318034,2021-03-24
133.09,133.62,132.05,133.48,7517293,2021-03-25
133.22,135.61,132.48,135.45,10821240,2021-03-26
135.0,137.6,135.0,137.57,11175976,2021-03-29
136.61,137.0,135.14,135.45,8090641,2021-03-30
135.68,136.75,135.26,135.43,9202839,2021-03-31
135.05,135.48,133.33,134.28,9117845,2021-04-01
134.96,137.25,134.73,136.45,8279156,2021-04-05
136.0,137.02,135.64,136.5,6180642,2021-04-06
137.12,137.33,136.25,136.74,10244622,2021-04-07
136.9,137.6327,136.59,137.26,6190528,2021-04-08
136.51,137.27,135.56,136.37,5855637,2021-04-09
136.5,137.04,135.71,136.92,6441042,2021-04-12
136.02,136.3899,134.835,135.11,9161190,2021-04-13
135.52,135.79,134.58,135.6,7584034,2021-04-14
135.97,137.76,135.87,137.24,7945349,2021-04-15
137.61,137.9,136.88,137.25,7708478,2021-04-16
136.94,137.08,135.39,136.61,9149433,2021-04-19
134.84,138.59,133.53,137.75,10040612,2021-04-20
137.89,138.57,136.6,136.85,8465869,2021-04-21
135.37,135.79,134.06,134.63,7338314,2021-04-22
134.93,135.08,133.25,133.94,6708718,2021-04-23
133.49,133.76,131.17,131.26,9910569,2021-04-26
131.24,131.89,130.295,131.18,8297033,2021-04-27
131.71,131.8497,130.88,131.4,6262789,2021-04-28
131.31,132.985,131.31,132.51,6786955,2021-04-29
132.75,133.67,132.265,133.42,9188831,2021-04-30
134.03,135.68,134.03,135.0,8070288,2021-05-03
134.98,135.83,134.205,134.54,9624263,2021-05-04
134.37,134.47,133.37,133.46,5683444,2021-05-05
134.01,135.3659,133.92,135.14,9771262,2021-05-06
135.08,136.03,134.765,135.15,6299182,2021-05-07
135.89,138.4156,135.69,137.67,8852710,2021-05-10
138.49,138.79,136.47,136.99,10973728,2021-05-11
136.49,137.0,135.49,135.54,8853733,2021-05-12
135.89,138.53,135.39,137.72,8753803,2021-05-13
137.67,139.1,137.67,138.01,5989760,2021-05-14
137.97,139.07,137.61,137.73,7690705,2021-05-17
136.46,137.83,136.15,136.32,9239099,2021-05-18
136.06,136.83,135.585,136.6,9807061,2021-05-19
136.79,138.71,136.72,138.0,8768374,2021-05-20
138.2,138.94,137.78,138.0,10160960,2021-05-21
138.0,138.8,137.73,137.96,6981325,2021-05-24
138.05,138.48,136.75,138.43,8142437,2021-05-25
138.79,138.86,137.87,138.12,8123078,2021-05-26
138.12,138.28,134.6633,134.98,33095653,2021-05-27
135.15,136.13,134.64,134.85,10477732,2021-05-28
135.79,136.0,132.48,132.88,9993944,2021-06-01
133.0,133.63,132.52,133.46,8254204,2021-06-02
133.23,135.91,133.2,135.85,11249823,2021-06-03
135.7,136.62,135.4,135.95,6894439,2021-06-04
136.36,136.84,135.675,136.42,8418233,2021-06-07
136.68,136.75,134.75,134.84,6911504,2021-06-08
135.55,136.4384,134.74,134.79,6200787,2021-06-09
135.02,136.35,134.62,135.79,6515559,2021-06-10
135.75,135.87,133.9,134.86,10641366,2021-06-11
134.98,135.03,133.96,134.91,6302202,2021-06-14
135.2,135.64,134.55,134.65,5543565,2021-06-15
135.18,135.58,132.65,132.78,8930309,2021-06-16
132.82,134.155,132.65,133.99,7875601,2021-06-17
133.34,133.35,131.94,132.03,13997625,2021-06-18
132.69,133.26,132.4,133.07,8014793,2021-06-21
133.04,134.02,132.88,133.12,6551072,2021-06-22
132.95,133.36,132.315,132.93,5796165,2021-06-23
132.95,133.305,132.7,133.02,6056719,2021-06-24
133.26,135.54,132.95,134.92,24504907,2021-06-25
134.9,136.16,134.76,135.32,6065743,2021-06-28
135.51,135.83,133.82,134.4,5792314,2021-06-29
134.58,135.29,134.29,134.93,5776572,2021-06-30
135.43,136.14,134.92,135.24,5922398,2021-07-01
135.6,136.635,135.42,135.9,5572412,2021-07-02
135.52,136.3,135.36,135.98,6534684,2021-07-06
136.03,137.59,136.03,137.0,5532809,2021-07-07
136.99,137.396,135.89,136.98,7585254,2021-07-08
137.24,137.65,136.84,137.03,5948720,2021-07-09
136.9,137.465,136.43,137.14,6807323,2021-07-12
136.39,137.57,136.39,136.97,5603982,2021-07-13
137.01,138.225,136.37,137.98,5903582,2021-07-14
138.01,139.26,137.7,139.16,7357063,2021-07-15
139.3,140.78,139.11,140.51,9346307,2021-07-16
140.32,141.87,138.81,140.44,9544054,2021-07-19
140.44,141.98,139.64,139.69,8136613,2021-07-20
139.95,140.2,138.99,139.2,6954651,2021-07-21
137.29,138.33,136.71,137.8,6013750,2021-07-22
137.48,139.98,137.08,139.79,7906128,2021-07-23
139.62,140.82,139.2215,140.28,5925872,2021-07-26
140.15,141.62,140.0,140.85,7075685,2021-07-27
140.67,140.67,138.71,138.76,8520172,2021-07-28
139.76,140.18,138.73,139.48,5413036,2021-07-29
142.0,144.54,141.55,142.23,14394251,2021-07-30
141.77,142.425,140.8,141.88,7009458,2021-08-02
141.86,144.21,141.52,143.95,8456036,2021-08-03
143.04,144.09,142.35,142.43,6628299,2021-08-04
143.35,143.55,141.47,142.5,5363444,2021-08-05
143.03,143.12,141.22,141.41,6030208,2021-08-06
141.95,142.59,141.7,142.18,4743859,2021-08-09
141.91,142.51,141.66,142.27,5253709,2021-08-10
142.74,143.24,142.47,142.62,4205314,2021-08-11
143.15,143.15,142.355,142.95,4956225,2021-08-12
142.95,143.99,142.69,143.64,4883895,2021-08-13
143.67,144.69,143.375,144.64,6041066,2021-08-16
144.4,145.6,143.89,144.88,7577047,2021-08-17
144.7,144.88,143.18,143.3,7161992,2021-08-18
143.16,145.28,143.16,144.99,5787162,2021-08-19
145.25,145.98,144.78,145.09,5273873,2021-08-20
144.29,145.34,144.23,144.35,4522261,2021-08-23
144.01,144.15,142.98,143.18,4560484,2021-08-24
143.07,143.13,142.25,142.67,3861614,2021-08-25
142.56,142.71,141.47,142.42,4749426,2021-08-26
142.48,142.77,141.64,142.31,4741264,2021-08-27
142.6,142.99,142.05,142.93,3845772,2021-08-30
143.04,143.53,142.05,142.39,9642489,2021-08-31
142.33,144.185,142.23,143.84,6214198,2021-09-01
143.97,144.73,143.58,143.95,5393716,2021-09-02
143.76,144.365,143.52,144.05,5466418,2021-09-03
144.32,144.5,143.29,143.51,6520657,2021-09-07
143.08,144.94,143.01,144.6,6897784,2021-09-08
144.57,144.88,143.65,143.99,6354834,2021-09-09
144.06,144.46,143.32,144.13,5750027,2021-09-10
144.85,147.23,144.85,145.68,9952577,2021-09-13
146.13,146.36,144.95,145.43,5831807,2021-09-14
145.35,145.77,144.74,145.12,6237213,2021-09-15
144.84,145.19,142.82,144.11,6142295,2021-09-16
144.37,146.28,144.23,144.34,18738769,2021-09-17
144.22,144.85,141.97,142.89,10238721,2021-09-20
142.98,144.525,142.88,143.11,6651313,2021-09-21
143.82,144.35,142.86,143.6,6332653,2021-09-22
144.06,144.685,143.49,144.19,5171154,2021-09-23
143.8,144.45,143.09,143.55,5009363,2021-09-24
143.15,143.17,141.52,141.66,5749826,2021-09-27
141.05,141.37,139.56,140.59,7015310,2021-09-28
140.27,142.68,140.18,142.02,5459953,2021-09-29
142.64,142.74,139.53,139.8,6936629,2021-09-30
139.93,140.23,138.32,139.58,5587249,2021-10-01
139.39,140.4,137.605,138.79,5816040,2021-10-04
138.8,140.52,138.72,139.33,6902715,2021-10-05
138.99,141.26,138.62,141.19,5333051,2021-10-06
141.75,143.03,141.75,142.32,5334558,2021-10-07
142.29,142.62,141.04,141.73,6131852,2021-10-08
142.37,142.77,141.77,142.32,5995592,2021-10-11
142.6,143.04,141.7,142.11,6734918,2021-10-12
142.4,142.76,141.025,142.44,5689846,2021-10-13
142.83,144.31,142.81,144.05,6778788,2021-10-14
144.52,144.87,143.675,144.42,6923850,2021-10-15
143.55,143.7,142.095,142.34,9119005,2021-10-18
139.08,140.82,138.8,140.66,9555253,2021-10-19
140.15,141.96,139.85,141.21,7352748,2021-10-20
140.86,141.16,139.18,139.33,6545835,2021-10-21
139.39,141.01,139.32,140.83,5265017,2021-10-22
140.41,140.92,139.05,140.85,5382085,2021-10-25
141.62,143.18,141.24,142.85,6234859,2021-10-26
143.14,143.68,141.69,141.83,9643487,2021-10-27
141.89,142.88,141.71,142.68,4538687,2021-10-28
142.16,143.48,142.02,142.99,6239699,2021-10-29
143.36,143.8,142.49,142.64,4900235,2021-11-01
142.72,144.58,142.28,144.06,9926364,2021-11-02
144.13,145.11,143.52,145.05,7620097,2021-11-03
142.84,145.39,142.335,145.32,6402451,2021-11-04
145.44,146.37,144.8,146.04,6062769,2021-11-05
145.5,146.1,144.02,144.95,5854509,2021-11-08
145.03,145.83,144.58,145.39,4627694,2021-11-09
145.74,147.31,145.59,146.82,7334936,2021-11-10
146.86,146.97,146.21,146.4,4096274,2021-11-11
146.74,147.08,145.98,146.56,5645317,2021-11-12
147.03,147.75,146.47,147.4,5510265,2021-11-15
147.39,148.59,147.01,147.19,7603940,2021-11-16
146.97,147.78,146.42,147.1,4900232,2021-11-17
147.04,148.0751,146.51,147.12,5509373,2021-11-18
147.95,148.23,146.79,146.82,6274297,2021-11-19
146.97,148.94,146.83,147.8,6625408,2021-11-22
147.83,149.5,147.67,149.44,7913048,2021-11-23
148.77,148.88,147.68,148.66,5665173,2021-11-24
148.58,149.715,147.31,147.47,6299783,2021-11-26
147.79,149.66,146.79,149.02,7113503,2021-11-29
147.81,148.54,144.12,144.58,11696448,2021-11-30
144.85,147.87,144.85,146.4,8313557,2021-12-01
147.01,148.46,146.94,147.26,9468906,2021-12-02
148.02,150.0,147.659,149.88,11200808,2021-12-03
150.19,152.385,150.19,152.15,11935078,2021-12-06
151.945,152.58,151.27,151.75,7913393,2021-12-07
151.67,152.66,150.28,152.43,8329342,2021-12-08
152.31,154.19,151.6,153.32,8334318,2021-12-09
153.855,155.8,153.43,155.46,7172321,2021-12-10
155.3,158.33,154.91,157.67,8944147,2021-12-13
157.9,158.6284,156.66,158.25,8677544,2021-12-14
157.64,159.64,157.64,158.86,9152566,2021-12-15
158.73,161.32,158.42,161.11,10852862,2021-12-16
160.66,161.72,157.31,157.46,24352824,2021-12-17
156.6,158.46,156.568,157.86,9202608,2021-12-20
157.65,158.15,156.79,157.76,6946009,2021-12-21
157.77,159.58,157.27,159.32,6626414,2021-12-22
159.5,160.92,159.44,160.1,5640972,2021-12-23
160.67,161.99,160.61,161.97,4548828,2021-12-27
161.96,163.38,161.94,162.84,5929835,2021-12-28
163.21,164.98,163.08,164.19,5346427,2021-12-29
164.4,164.59,162.61,162.77,5911500,2021-12-30
162.86,163.73,162.46,163.58,5311503,2021-12-31
161.69,162.94,159.88,162.9,9317892,2022-01-03
162.29,164.39,162.18,163.47,9253754,2022-01-04
163.44,165.32,163.4,164.21,9330245,2022-01-05
164.34,165.2,162.61,162.83,7555999,2022-01-06
163.13,163.53,161.95,162.74,6098455,2022-01-07
162.51,163.12,160.17,160.52,8054984,2022-01-10
160.22,160.22,156.91,158.66,11085911,2022-01-11
158.26,159.36,157.83,159.01,7126650,2022-01-12
159.31,159.45,157.7819,158.29,6551083,2022-01-13
158.07,160.49,157.56,159.81,10708197,2022-01-14
158.53,158.53,156.04,156.73,10934298,2022-01-18
157.61,164.19,156.97,162.0,13959794,2022-01-19
160.12,164.33,160.12,162.0,10799065,2022-01-20
163.0,165.35,162.1,162.62,10900398,2022-01-21
163.43,164.12,158.72,161.3,14846686,2022-01-24
160.45,161.3,157.885,159.54,9369589,2022-01-25
157.34,159.57,156.38,158.15,10707105,2022-01-26
158.73,161.345,158.58,159.13,9084347,2022-01-27
158.61,160.95,157.32,160.5,9494403,2022-01-28
159.35,160.65,158.87,160.45,8950094,2022-01-31
160.79,161.3,157.73,159.74,6284069,2022-02-01
160.14,162.84,159.47,162.6,7558750,2022-02-02
161.98,164.98,161.62,164.14,10474542,2022-02-03
163.13,164.49,161.41,161.53,8960135,2022-02-04
161.87,162.265,159.67,160.32,6430488,2022-02-07
161.12,161.27,159.65,159.96,5048797,2022-02-08
160.36,160.635,159.27,159.6,8077550,2022-02-09
159.09,159.5,156.6513,157.17,7032976,2022-02-10
158.01,158.5798,155.58,156.29,9341436,2022-02-11
156.14,157.06,153.3589,156.74,9472171,2022-02-14
157.77,159.32,156.11,156.82,6659367,2022-02-15
156.83,158.78,156.27,158.01,9315668,2022-02-16
158.38,160.375,157.35,159.82,7925454,2022-02-17
159.5,161.06,158.82,159.9,8063159,2022-02-18
160.11,160.88,156.66,157.93,7891928,2022-02-22
158.3,158.6,155.6,155.96,6273013,2022-02-23
155.64,155.98,150.56,151.76,13145073,2022-02-24
152.33,158.94,152.25,158.24,8866983,2022-02-25
156.29,157.19,153.82,155.89,8669154,2022-02-28
154.31,155.4,152.34,153.31,8311984,2022-03-01
152.96,155.08,152.6,153.79,6111319,2022-03-02
153.77,155.86,153.77,154.36,7451233,2022-03-03
153.12,155.345,152.55,155.14,8639712,2022-03-04
154.49,154.52,151.135,152.84,8374459,2022-03-07
152.18,152.95,146.58,146.79,9517238,2022-03-08
148.83,150.47,147.81,148.77,7044122,2022-03-09
147.8,148.28,143.94,144.94,9221108,2022-03-10
145.4,146.16,143.03,143.22,7086146,2022-03-11
144.45,146.04,143.355,145.05,7964794,2022-03-14
147.01,150.54,146.89,150.27,9868370,2022-03-15
150.625,151.785,148.04,149.76,6908879,2022-03-16
149.99,150.47,148.5,150.23,6003952,2022-03-17
150.87,150.87,148.24,150.15,15293589,2022-03-18
150.44,151.42,149.235,150.72,6932117,2022-03-21
153.43,153.6022,150.52,151.88,7192054,2022-03-22
152.2,153.01,150.69,150.82,5531995,2022-03-23
150.89,151.56,150.1601,151.08,4203133,2022-03-24
151.63,153.92,151.51,152.83,5024358,2022-03-25
153.64,153.9,152.63,153.88,4234012,2022-03-28
155.37,156.47,154.02,155.46,5643428,2022-03-29
152.5,154.43,151.94,154.39,5779503,2022-03-30
154.1,154.34,152.4,152.8,7538629,2022-03-31
153.52,155.46,152.06,155.09,5742629,2022-04-01
153.81,154.35,151.26,154.08,5992017,2022-04-04
153.61,157.37,153.54,154.62,7637807,2022-04-05
154.415,157.29,153.935,156.83,8884737,2022-04-06
157.87,159.39,156.97,158.86,6889726,2022-04-07
159.7,160.53,158.92,160.1,6045430,2022-04-08
159.95,161.21,158.63,159.49,6158360,2022-04-11
159.31,160.63,158.7,159.01,7221479,2022-04-12
159.08,160.41,158.71,159.46,5247722,2022-04-13
159.98,160.3,158.45,158.57,7806452,2022-04-14
158.48,158.98,156.53,157.06,6034506,2022-04-18
156.77,160.03,156.3,159.41,7897048,2022-04-19
160.5,164.48,160.0,163.65,9996458,2022-04-20
163.82,164.9,162.43,162.61,9365701,2022-04-21
163.24,163.52,160.91,161.25,9394646,2022-04-22
161.7,163.29,159.8,162.55,6986760,2022-04-25
162.68,163.64,159.75,159.79,7746603,2022-04-26
160.21,161.45,159.11,159.36,6754947,2022-04-27
160.54,163.71,159.27,163.41,9308388,2022-04-28
162.47,162.95,160.2,160.55,10637046,2022-04-29
161.6,162.0,156.19,158.38,10351637,2022-05-02
158.22,158.99,155.01,156.21,10344012,2022-05-03
155.83,157.55,155.15,157.36,7750538,2022-05-04
156.3,157.295,153.14,154.46,8217145,2022-05-05
154.77,156.24,153.87,156.0,7304756,2022-05-06
153.96,156.76,152.75,155.61,8540760,2022-05-09
155.55,156.62,153.94,154.79,7447352,2022-05-10
154.03,155.9,152.35,152.61,7692196,2022-05-11
153.52,153.61,149.88,151.99,9600841,2022-05-12
152.58,153.73,150.42,153.62,5675512,2022-05-13
153.47,155.9,152.03,155.12,5970990,2022-05-16
155.13,156.75,153.07,154.68,6509118,2022-05-17
154.67,154.76,144.545,145.04,9670680,2022-05-18
143.41,143.42,140.6,141.7,9694141,2022-05-19
142.15,142.45,139.18,141.79,7786869,2022-05-20
142.84,145.63,142.08,145.05,7134483,2022-05-23
144.89,147.94,144.82,147.63,7207400,2022-05-24
147.11,147.14,143.5,145.21,8217750,2022-05-25
146.48,147.38,145.04,146.48,5702555,2022-05-26
146.97,148.72,146.63,148.72,6028846,2022-05-27
147.29,148.9899,146.1606,147.88,12416917,2022-05-31
148.0,148.12,144.71,145.64,7036042,2022-06-01
145.97,147.26,142.63,147.21,6480034,2022-06-02
146.36,147.21,145.119,145.89,4720680,2022-06-03
147.37,147.64,144.59,145.32,4751096,2022-06-06
143.67,147.18,143.43,146.94,4918620,2022-06-07
146.3,146.4297,144.99,145.11,4369642,2022-06-08
145.41,146.89,142.34,142.49,4626787,2022-06-09
140.89,143.15,139.45,141.95,6632052,2022-06-10
139.5,140.49,137.63,138.15,8549451,2022-06-13
137.51,137.58,132.54,133.84,9980162,2022-06-14
134.44,134.9,129.5,132.51,12178070,2022-06-15
131.03,135.07,130.6,133.32,9683288,2022-06-16
132.56,134.26,131.43,132.36,17113329,2022-06-17
134.62,137.0,133.43,136.37,9017016,2022-06-21
135.68,139.69,135.67,138.5,8374622,2022-06-22
139.05,142.475,138.9,142.3,6418526,2022-06-23
144.2,145.239,143.12,144.35,19440635,2022-06-24
144.12,144.76,142.71,143.25,5618524,2022-06-27
143.54,144.09,140.58,140.92,6100267,2022-06-28
141.6,142.86,141.15,142.2,5174562,2022-06-29
141.69,144.44,141.23,143.79,7410304,2022-06-30
144.24,146.2498,143.4,146.11,5937238,2022-07-01
144.58,146.1,142.545,144.7,5761117,2022-07-05
145.51,147.49,144.97,146.05,5485269,2022-07-06
145.29,146.19,144.6,146.0,6623363,2022-07-07
145.99,146.8099,144.575,145.02,4294177,2022-07-08
145.15,146.58,144.68,146.04,5483189,2022-07-11
145.86,146.92,144.37,144.75,5204424,2022-07-12
144.41,146.96,144.21,145.7,5075613,2022-07-13
143.76,145.53,143.4663,145.27,4867147,2022-07-14
145.34,145.7,144.1,145.07,6264592,2022-07-15
144.94,145.09,143.17,143.31,6047504,2022-07-18
144.57,145.01,143.64,144.04,5943647,2022-07-19
144.0,144.22,140.64,141.55,8635300,2022-07-20
140.6,141.36,138.95,140.77,8310202,2022-07-21
140.76,143.17,140.67,143.02,5292834,2022-07-22
142.8,144.42,142.53,143.99,5262135,2022-07-25
142.69,144.49,141.71,144.27,5375711,2022-07-26
143.88,146.21,143.53,145.64,5500030,2022-07-27
146.14,148.61,145.08,148.06,7115675,2022-07-28
141.43,142.5,138.23,138.91,18694718,2022-07-29
138.34,143.94,138.27,142.9,12590027,2022-08-01
143.11,143.7248,141.7673,141.95,7494999,2022-08-02
141.66,145.27,140.91,144.88,6811247,2022-08-03
144.85,146.46,144.01,144.65,6124932,2022-08-04
143.75,144.84,142.77,144.72,4580446,2022-08-05
145.03,146.47,144.73,145.27,4487261,2022-08-08
145.57,145.94,144.49,144.93,3977286,2022-08-09
145.89,146.5,145.39,146.3,4641404,2022-08-10
146.81,147.29,144.925,145.26,5954410,2022-08-11
145.91,146.73,144.96,146.67,5038748,2022-08-12
146.87,148.77,146.745,148.56,6007996,2022-08-15
148.36,150.6,148.36,149.93,7093138,2022-08-16
149.1,149.7513,148.88,149.24,4834576,2022-08-17
148.87,149.99,148.5226,149.77,3829152,2022-08-18
149.21,150.63,148.72,149.73,6502516,2022-08-19
148.98,150.13,148.84,149.33,6380738,2022-08-22
148.43,148.44,145.8301,146.45,5268168,2022-08-23
146.61,147.26,145.12,145.82,5903163,2022-08-24
145.23,145.78,144.485,145.7,5097560,2022-08-25
146.0,146.53,142.02,142.29,6086561,2022-08-26
141.3,142.69,141.02,141.69,5297471,2022-08-29
142.41,142.41,139.91,140.18,5203706,2022-08-30
140.4,140.88,137.86,137.94,8406934,2022-08-31
137.83,139.76,136.76,139.64,7446540,2022-09-01
140.42,141.15,136.55,137.16,7077763,2022-09-02
135.88,137.94,135.29,135.63,8204176,2022-09-06
136.03,137.755,136.02,137.68,6609426,2022-09-07
137.01,138.4933,136.06,137.86,7380534,2022-09-08
137.95,141.09,137.3,139.96,6434703,2022-09-09
139.41,141.8,139.11,141.1,5818761,2022-09-12
140.78,141.43,137.86,138.18,6350157,2022-09-13
138.66,139.66,137.67,138.51,6138000,2022-09-14
138.78,138.89,136.64,137.44,5320907,2022-09-15
137.44,139.06,137.11,138.28,9321466,2022-09-16
138.2,138.46,137.23,137.99,6056100,2022-09-19
137.41,137.97,136.53,137.5,5589800,2022-09-20
138.08,138.2,135.71,135.73,6413855,2022-09-21
135.74,137.07,135.24,136.21,5042705,2022-09-22
135.68,136.5,133.95,135.58,6523573,2022-09-23
135.58,136.82,134.99,135.71,7396366,2022-09-26
135.96,136.94,131.71,131.98,7722229,2022-09-27
133.02,133.02,131.19,131.98,10455120,2022-09-28
131.87,131.87,128.26,128.7,7128463,2022-09-29
129.0,129.04,126.21,126.25,9431937,2022-09-30
127.25,129.1,126.68,128.51,8477669,2022-10-03
129.1,130.87,128.7,130.1,7211561,2022-10-04
129.2,130.09,128.09,129.2,5071090,2022-10-05
128.89,129.06,126.35,126.48,5530781,2022-10-06
126.5,126.58,123.76,124.27,6095411,2022-10-07
123.37,124.25,122.18,123.76,6923335,2022-10-10
123.69,125.7,123.6,124.23,5516175,2022-10-11
124.84,125.81,124.41,124.43,6823671,2022-10-12
123.51,126.75,122.92,126.31,6910826,2022-10-13
126.75,127.02,124.765,125.08,5520319,2022-10-14
126.01,128.28,125.86,127.34,6664569,2022-10-17
129.33,130.065,127.66,128.37,7114181,2022-10-18
131.64,133.0,129.51,129.56,9993668,2022-10-19
128.62,129.77,126.68,126.99,8167987,2022-10-20
126.54,128.95,126.48,128.58,6394604,2022-10-21
129.49,130.44,128.35,129.37,6946022,2022-10-24
129.6,131.18,128.47,130.86,6776004,2022-10-25
130.65,132.57,130.4,131.78,6613656,2022-10-26
132.0,133.12,131.5,131.88,6676715,2022-10-27
133.17,135.51,132.92,135.22,6996421,2022-10-28
135.2,135.67,134.26,134.67,8346305,2022-10-31
134.7,136.28,133.84,134.88,6428377,2022-11-01
134.72,136.54,132.81,132.94,7326827,2022-11-02
131.73,132.64,130.96,132.03,5204163,2022-11-03
133.32,135.0,132.52,134.44,5555471,2022-11-04
135.35,137.19,135.06,136.5,6746778,2022-11-07
136.82,137.52,135.8,136.81,5266204,2022-11-08
136.87,137.97,136.34,136.48,5690881,2022-11-09
139.46,141.63,138.2,141.18,8068902,2022-11-10
141.2,141.63,139.1091,140.97,7175228,2022-11-11
140.51,143.56,140.26,140.98,8516206,2022-11-14
142.09,143.2,139.7,140.49,7732354,2022-11-15
141.5,142.91,140.98,141.74,6193736,2022-11-16
141.11,141.69,139.86,140.87,5189514,2022-11-17
141.92,142.76,141.27,142.57,5671628,2022-11-18
143.06,145.19,142.83,144.38,6377188,2022-11-21
145.43,145.785,144.84,145.62,5372884,2022-11-22
145.9,146.63,145.57,146.45,4296014,2022-11-23
146.785,147.2,146.4,146.72,2411113,2022-11-25
146.39,147.34,146.14,146.6,6628288,2022-11-28
145.75,146.06,144.53,145.48,5634161,2022-11-29
145.65,149.16,145.13,149.16,12396781,2022-11-30
149.53,150.36,148.57,149.25,6927461,2022-12-01
148.47,150.77,148.08,150.61,4938278,2022-12-02
148.71,149.6705,148.27,149.09,5402575,2022-12-05
149.72,150.08,148.275,149.28,6866696,2022-12-06
149.01,150.43,149.01,150.24,6175459,2022-12-07
149.46,151.38,149.01,151.32,5187058,2022-12-08
150.7,151.95,150.22,150.92,5868231,2022-12-09
151.22,152.56,151.04,152.47,6142366,2022-12-12
153.41,154.23,150.79,152.24,7680599,2022-12-13
152.79,154.44,152.17,152.84,7385563,2022-12-14
151.72,152.0,149.74,151.11,7117943,2022-12-15
150.36,151.07,149.02,150.44,19966410,2022-12-16
150.22,151.375,149.24,150.4,5881793,2022-12-19
149.32,150.9,149.27,150.46,5646275,2022-12-20
150.75,152.625,150.72,151.84,5024739,2022-12-21
151.13,152.41,150.88,152.19,5905909,2022-12-22
152.31,152.9199,151.67,152.62,3401860,2022-12-23
152.7,154.32,152.66,153.95,4215100,2022-12-27
154.275,154.65,151.9,151.96,4197560,2022-12-28
152.81,153.24,152.14,152.59,3809088,2022-12-29
152.43,152.68,150.44,151.56,4532157,2022-12-30
150.95,151.71,149.12,151.57,6447341,2023-01-03
151.99,153.39,151.23,152.23,7313373,2023-01-04
152.21,152.48,150.125,150.34,5373998,2023-01-05
151.85,154.46,151.75,153.92,7882208,2023-01-06
153.44,154.8,151.9965,152.04,5727156,2023-01-09
152.1,152.7,150.94,151.89,4716522,2023-01-10
152.32,152.562,149.35,150.66,8691287,2023-01-11
151.7,151.73,149.52,149.81,7801586,2023-01-12
149.61,151.05,149.42,150.88,5535776,2023-01-13
150.79,152.13,150.4,150.44,9611836,2023-01-17
149.66,149.93,146.04,146.41,10461183,2023-01-18
143.31,146.22,142.24,142.42,12683743,2023-01-19
142.32,143.15,140.15,142.97,8603327,2023-01-20
143.36,143.7,140.69,141.05,7473056,2023-01-23
140.69,142.38,139.81,141.82,6822541,2023-01-24
140.39,141.75,138.73,141.72,6902580,2023-01-25
141.73,141.74,140.74,141.15,5398717,2023-01-26
141.07,141.36,139.295,140.57,6870791,2023-01-27
140.96,142.12,140.28,141.01,6369310,2023-01-30
141.23,142.47,140.76,142.38,9373412,2023-01-31
142.08,144.095,141.35,143.19,7207973,2023-02-01
142.17,142.71,141.21,142.17,6444253,2023-02-02
142.78,143.38,141.17,142.61,5993228,2023-02-03
142.01,142.64,141.01,141.4,6108342,2023-02-06
139.97,140.79,138.78,140.02,6278273,2023-02-07
139.06,139.54,138.4139,138.57,7124028,2023-02-08
138.88,139.33,137.0,137.05,6547369,2023-02-09
136.95,138.3,135.83,138.26,8108919,2023-02-10
138.94,140.45,138.74,140.07,5081703,2023-02-13
140.14,140.24,138.62,139.28,5253455,2023-02-14
139.11,139.3225,138.07,138.96,5530479,2023-02-15
137.39,138.2,136.55,137.14,7595656,2023-02-16
136.59,140.04,136.59,140.01,8034878,2023-02-17
138.87,140.89,138.87,139.91,6899545,2023-02-21
139.98,141.58,139.88,140.5,6126346,2023-02-22
140.23,141.14,139.1,140.05,5835448,2023-02-23
138.93,139.43,138.08,139.26,5260669,2023-02-24
139.61,140.465,138.53,139.14,5821127,2023-02-27
138.45,138.59,137.28,137.56,6709913,2023-02-28
138.05,138.33,136.51,137.66,7101801,2023-03-01
138.0,140.43,137.78,139.93,5925013,2023-03-02
141.185,141.24,139.965,140.95,5259353,2023-03-03
140.73,141.135,139.9425,140.35,4943248,2023-03-06
140.43,140.62,137.34,137.56,5606803,2023-03-07
137.2,137.69,136.595,137.58,5518821,2023-03-08
138.15,138.56,136.1,136.57,4467211,2023-03-09
136.95,137.99,136.35,137.19,5928003,2023-03-10
137.045,141.32,137.045,138.14,8337075,2023-03-13
138.29,140.11,137.4,139.85,9219678,2023-03-14
138.81,142.15,138.81,141.83,8823491,2023-03-15
141.94,143.124,141.61,142.89,7063643,2023-03-16
142.5,143.39,141.53,142.93,16018761,2023-03-17
143.5,145.4,143.23,145.13,8379233,2023-03-20
144.91,145.23,142.84,144.08,7753184,2023-03-21
144.04,145.75,143.83,143.99,5729129,2023-03-22
144.24,145.12,143.19,143.79,5788459,2023-03-23
144.3,146.76,144.3,146.72,6145622,2023-03-24
146.89,147.4196,145.87,145.95,5917156,2023-03-27
146.55,146.815,145.8,146.36,4213913,2023-03-28
147.08,147.2901,146.26,146.81,4987741,2023-03-29
146.92,147.54,146.3,147.45,4117824,2023-03-30
147.74,148.69,147.575,148.69,7685942,2023-03-31
148.425,150.07,147.09,149.51,5721680,2023-04-03
150.08,151.71,150.08,150.23,6714506,2023-04-04
151.33,152.35,151.15,151.26,6094801,2023-04-05
151.865,152.96,151.4168,152.22,5399741,2023-04-06
151.65,151.67,149.51,150.96,4891875,2023-04-10
151.255,151.44,150.52,150.66,6311997,2023-04-11
150.31,152.41,149.93,151.07,6138080,2023-04-12
150.9,151.87,149.82,151.77,5489710,2023-04-13
151.35,151.5899,150.51,151.0,4478782,2023-04-14
151.17,151.47,150.34,151.05,4293128,2023-04-17
150.98,151.59,150.105,151.21,4158392,2023-04-18
151.17,151.9,150.71,151.24,3837607,2023-04-19
150.37,151.36,150.365,150.85,5370911,2023-04-20
154.94,158.11,154.5,156.07,14876934,2023-04-21
155.22,157.25,155.22,156.35,8109763,2023-04-24
156.51,157.94,155.79,156.39,8341759,2023-04-25
155.3,156.0,154.34,154.58,4530127,2023-04-26
155.3,156.61,155.01,156.47,4805563,2023-04-27
156.275,157.37,155.76,156.38,5754704,2023-04-28
156.03,157.395,155.8,156.57,3844761,2023-05-01
156.59,156.93,155.67,156.43,5262908,2023-05-02
156.64,157.57,155.43,156.23,5775009,2023-05-03
156.1,156.6,155.09,155.51,4892639,2023-05-04
155.4,156.31,154.69,156.03,3989157,2023-05-05
155.35,155.73,154.87,155.3,4950679,2023-05-08
155.85,155.98,153.58,153.71,4472097,2023-05-09
153.45,154.32,152.44,154.03,4754854,2023-05-10
154.81,154.89,153.39,154.39,3495324,2023-05-11
154.695,156.05,154.39,155.96,5252889,2023-05-12
156.61,156.75,154.64,156.01,5414904,2023-05-15
155.87,156.92,154.93,155.74,5591579,2023-05-16
156.26,156.56,153.9,155.08,4287036,2023-05-17
153.31,153.65,151.6,152.53,6997610,2023-05-18
152.47,153.32,151.84,153.17,4754120,2023-05-19
152.5,152.6,148.83,149.16,7876207,2023-05-22
148.79,148.88,147.07,147.55,6116037,2023-05-23
147.59,148.2,146.09,146.33,5755426,2023-05-24
145.49,146.21,144.35,145.39,6510519,2023-05-25
145.33,146.01,144.725,145.4,4716495,2023-05-26
143.86,144.04,142.35,143.18,5561037,2023-05-30
143.16,143.98,141.9,142.5,19522607,2023-05-31
143.25,144.1199,142.45,143.96,6091064,2023-06-01
144.51,146.68,144.39,146.52,6124403,2023-06-02
146.05,147.85,145.73,145.94,4753665,2023-06-05
146.07,146.31,143.55,144.49,4636045,2023-06-06
144.01,145.12,143.4749,144.8,6194620,2023-06-07
145.34,146.65,144.92,146.44,4864149,2023-06-08
145.68,146.7788,144.73,146.56,5569831,2023-06-09
147.0,147.01,144.55,145.41,5354690,2023-06-12
144.51,145.68,144.275,145.06,5321204,2023-06-13
145.31,146.885,144.83,146.42,5693491,2023-06-14
147.17,148.97,146.54,148.45,5862999,2023-06-15
148.92,150.09,148.9,149.54,11244926,2023-06-16
149.745,150.28,148.11,148.16,5340854,2023-06-20
148.26,149.605,147.87,149.44,4649893,2023-06-21
150.35,151.1,149.475,149.95,6666932,2023-06-22
150.25,150.5339,147.96,148.46,13843536,2023-06-23
148.1,148.97,146.72,148.61,4353067,2023-06-26
148.44,150.17,148.39,150.02,5445569,2023-06-27
149.33,150.3,147.96,149.99,6733301,2023-06-28
148.48,149.7,147.1,149.38,7343034,2023-06-29
149.83,152.07,149.79,151.74,7058273,2023-06-30
151.48,152.53,150.47,152.5,3996098,2023-07-03
151.63,152.46,151.44,152.24,8280120,2023-07-05
151.2,152.19,150.7601,151.99,7958486,2023-07-06
151.71,151.92,148.75,148.8,9169548,2023-07-07
148.94,150.32,148.74,148.86,5529210,2023-07-10
148.73,149.05,146.96,148.08,5150361,2023-07-11
148.03,149.4,147.64,148.85,6764641,2023-07-12
149.0,149.52,148.2,148.95,5561424,2023-07-13
149.27,150.63,148.73,150.05,6128878,2023-07-14
149.65,150.16,148.97,148.99,4626029,2023-07-17
148.64,150.48,148.38,149.27,5355185,2023-07-18
149.55,150.82,148.86,150.29,6203584,2023-07-19
149.55,150.75,148.14,150.56,6445552,2023-07-20
151.15,153.67,150.7,152.93,9938441,2023-07-21
152.84,153.95,152.3,153.42,5549519,2023-07-24
153.48,153.86,152.45,153.78,5883845,2023-07-25
153.12,154.84,152.89,153.94,7013794,2023-07-26
154.155,154.6,151.915,152.11,7191578,2023-07-27
154.66,157.48,154.6,156.41,9397878,2023-07-28
156.4,157.68,155.06,156.3,7955343,2023-07-31
155.88,157.17,155.87,156.25,5719138,2023-08-01
155.97,157.73,155.97,156.59,5637323,2023-08-02
156.76,157.7,156.21,157.0,5792784,2023-08-03
157.425,157.73,155.15,155.28,4785929,2023-08-04
155.67,157.15,155.49,156.92,4107366,2023-08-07
157.28,157.63,156.5309,157.09,4625619,2023-08-08
157.31,158.09,156.77,156.89,4293200,2023-08-09
157.17,158.38,155.8,156.11,4307834,2023-08-10
156.43,157.464,155.79,157.02,3862326,2023-08-11
157.13,157.53,155.5,155.79,4297598,2023-08-14
155.79,155.97,154.46,154.79,6921105,2023-08-15
154.76,155.73,152.87,153.21,6356849,2023-08-16
153.21,153.555,151.79,152.11,6419615,2023-08-17
151.62,152.89,151.17,152.54,5448262,2023-08-18
152.09,152.78,151.26,151.77,4504747,2023-08-21
151.42,152.1538,150.93,151.83,4195967,2023-08-22
152.47,153.48,152.47,153.25,4522673,2023-08-23
152.55,154.68,152.48,152.54,4089013,2023-08-24
153.4,154.08,152.46,153.54,3541524,2023-08-25
153.71,154.37,153.05,153.78,3614733,2023-08-28
153.95,154.04,152.03,153.87,4034627,2023-08-29
154.1,154.865,153.71,154.04,3712241,2023-08-30
154.12,155.16,153.83,154.34,5451433,2023-08-31
154.9,155.28,153.56,154.51,4126437,2023-09-01
153.8,154.85,152.3975,152.44,5097037,2023-09-05
152.29,152.45,151.54,152.14,3877460,2023-09-06
152.485,154.19,152.37,153.59,4825042,2023-09-07
153.42,153.455,152.35,152.93,3384760,2023-09-08
153.33,155.1,153.08,154.75,4288731,2023-09-11
154.99,155.15,151.57,152.03,4537794,2023-09-12
151.975,153.59,151.66,153.09,4040670,2023-09-13
153.845,154.92,153.37,154.77,4606909,2023-09-14
154.03,155.32,153.23,153.47,10262391,2023-09-15
154.45,154.475,153.505,154.05,3536490,2023-09-18
153.75,154.06,151.7433,153.6,4704209,2023-09-19
153.77,154.775,153.36,153.47,5446571,2023-09-20
153.45,153.71,152.065,152.14,5098146,2023-09-21
152.44,153.34,151.38,151.58,6328163,2023-09-22
151.18,151.28,150.02,150.66,5527129,2023-09-25
149.98,150.36,148.785,149.32,6366545,2023-09-26
149.42,149.7,146.63,147.34,5403675,2023-09-27
147.815,147.98,145.68,146.34,6237072,2023-09-28
146.54,146.77,144.82,145.86,6683279,2023-09-29
144.78,145.6,143.9,145.19,5153808,2023-10-02
145.17,146.49,145.01,145.49,4670620,2023-10-03
145.59,146.31,144.93,145.97,4727849,2023-10-04
145.68,146.0943,143.69,143.8,5205662,2023-10-05
143.6,144.555,141.45,144.09,7406682,2023-10-06
143.36,143.97,141.6,143.36,5062170,2023-10-09
143.98,145.22,143.72,144.78,5988917,2023-10-10
145.14,145.56,142.56,143.0,5469148,2023-10-11
142.79,143.93,141.66,143.32,5965604,2023-10-12
143.19,145.03,143.19,144.69,7079323,2023-10-13
145.86,147.06,145.46,146.07,6509765,2023-10-16
146.11,146.825,145.24,146.26,6160115,2023-10-17
150.06,151.3,148.77,150.03,10508470,2023-10-18
149.61,150.28,147.18,148.25,8145959,2023-10-19
149.05,149.88,147.92,148.05,7284217,2023-10-20
147.86,149.5,147.56,148.15,5981784,2023-10-23
148.12,150.07,148.07,149.9,6322218,2023-10-24
149.635,151.19,149.12,150.6,6172937,2023-10-25
151.05,151.38,149.74,149.8,7582052,2023-10-26
148.98,149.95,146.28,147.16,8131875,2023-10-27
147.9,149.55,147.54,149.26,5412866,2023-10-30
149.46,150.255,148.64,150.03,6762155,2023-10-31
150.68,150.68,149.21,149.61,5896946,2023-11-01
149.54,151.65,148.91,151.44,5859285,2023-11-02
151.79,152.29,149.615,150.07,6587879,2023-11-03
150.36,151.25,150.1,150.94,6480898,2023-11-06
150.92,151.25,150.12,150.59,6003843,2023-11-07
150.955,151.2,149.51,150.01,4832618,2023-11-08
149.74,150.35,149.12,150.35,6581536,2023-11-09
150.84,151.44,149.92,151.41,5387350,2023-11-10
151.445,152.9,151.445,152.46,6297527,2023-11-13
152.55,153.5,151.6801,152.12,7982631,2023-11-14
152.055,152.39,150.38,151.42,7672848,2023-11-15
151.99,152.89,151.31,152.83,7590516,2023-11-16
152.72,152.84,150.89,151.07,8495710,2023-11-17
150.21,151.03,149.66,150.27,6857809,2023-11-20
149.85,150.01,148.83,149.61,7310387,2023-11-21
150.1,151.48,150.1,151.02,4373087,2023-11-22
151.18,151.74,151.03,151.38,2132494,2023-11-24
151.52,151.64,150.74,151.24,6021326,2023-11-27
151.145,152.772,151.145,152.29,6110455,2023-11-28
152.29,152.45,150.99,151.13,5342709,2023-11-29
150.9,153.63,150.08,153.52,9771509,2023-11-30
153.33,153.49,152.23,152.66,5685434,2023-12-01
151.77,152.5332,151.66,152.06,6578318,2023-12-04
152.14,152.61,146.18,146.76,11895824,2023-12-05
147.01,147.16,145.64,146.65,7394298,2023-12-06
146.57,147.1,146.02,146.5,6119624,2023-12-07
145.92,146.24,144.52,145.15,6385269,2023-12-08
144.8,145.87,144.65,145.82,8471213,2023-12-11
145.86,146.23,145.08,145.94,6069202,2023-12-12
145.86,148.65,145.45,148.58,9055532,2023-12-13
148.46,148.55,144.38,144.66,10565171,2023-12-14
143.18,144.25,142.5,143.96,14549957,2023-12-15
144.17,147.49,144.15,146.17,8421950,2023-12-18
145.67,146.335,145.39,146.17,5216773,2023-12-19
145.57,146.07,143.84,143.91,7663841,2023-12-20
144.52,144.79,143.13,144.26,6104714,2023-12-21
144.5,145.63,144.29,145.28,4413842,2023-12-22
145.09,146.17,144.97,145.94,3634885,2023-12-26
145.65,146.305,145.3638,146.06,4515212,2023-12-27
146.0,146.01,145.035,145.73,5023033,2023-12-28
146.0,146.96,145.73,146.54,5300991,2023-12-29
146.36,149.41,146.31,148.74,7238388,2024-01-02
148.34,149.2,147.175,147.84,7697534,2024-01-03
148.05,149.2669,147.77,148.65,7067618,2024-01-04
148.72,148.87,146.55,147.42,5227247,2024-01-05
147.91,148.92,147.65,148.69,8255307,2024-01-08
148.57,149.4,148.05,149.3,9786934,2024-01-09
149.35,150.0,149.26,149.94,8591116,2024-01-10
150.05,150.8,149.2935,150.51,6659447,2024-01-11
150.95,151.3,149.89,150.6,5684834,2024-01-12
150.15,151.5,148.88,149.79,8120101,2024-01-16
149.155,150.6,149.01,149.94,6541439,2024-01-17
148.225,148.4,146.92,148.14,6526221,2024-01-18
148.25,148.62,147.31,147.57,7848138,2024-01-19
146.97,148.21,146.28,147.86,11084134,2024-01-22
153.11,156.4,152.89,153.98,19101558,2024-01-23
153.93,154.23,152.09,152.12,11023818,2024-01-24
152.4,155.66,152.06,155.62,10352452,2024-01-25
155.81,156.16,155.34,156.14,8356819,2024-01-26
156.68,157.33,155.395,156.16,8987609,2024-01-29
156.34,157.92,155.82,157.49,7794730,2024-01-30
157.99,158.5,156.7,157.14,8870215,2024-01-31
156.77,159.3,156.62,159.18,7601144,2024-02-01
158.97,159.6,157.525,158.09,7937716,2024-02-02
158.17,159.0,157.555,158.21,6931933,2024-02-05
158.305,159.07,157.87,158.96,6185982,2024-02-06
159.1,159.83,158.74,159.12,7209276,2024-02-07
158.8,159.1,157.77,158.64,6121778,2024-02-08
158.26,158.34,156.96,157.42,5978181,2024-02-09
157.36,157.61,155.485,157.11,5482124,2024-02-12
157.75,158.97,155.48,156.27,6046869,2024-02-13
156.16,156.16,154.91,155.63,5727455,2024-02-14
156.3,157.42,156.15,157.01,6249241,2024-02-15
157.04,158.45,156.67,157.51,6617706,2024-02-16
158.7,159.79,158.13,158.51,6622058,2024-02-20
159.19,160.4,159.19,160.4,7121116,2024-02-21
159.46,161.0901,158.63,160.56,6619639,2024-02-22
160.6,161.74,160.16,161.03,5486533,2024-02-23
161.025,161.17,160.07,160.22,4531936,2024-02-26
159.41,159.8,158.9613,159.3,3868405,2024-02-27
159.065,160.12,158.64,160.05,3802915,2024-02-28
159.93,160.11,158.18,158.94,8348201,2024-02-29
158.05,159.03,157.61,158.85,4819929,2024-03-01
157.74,159.76,157.67,159.56,3841623,2024-03-04
159.46,159.99,158.78,159.32,4481715,2024-03-05
159.68,159.99,158.91,159.57,5405719,2024-03-06
159.95,160.91,159.47,160.62,4783943,2024-03-07
159.85,161.245,158.29,160.35,5080225,2024-03-08
161.34,162.62,160.82,161.55,5148881,2024-03-11
161.82,162.52,161.23,161.93,4211703,2024-03-12
162.38,162.73,161.33,162.3,5409467,2024-03-13
162.24,162.62,161.13,161.5,5839056,2024-03-14
160.7,161.5,160.3033,161.38,10956888,2024-03-15
161.48,162.72,161.0,161.21,6086268,2024-03-18
161.8,162.17,161.17,161.83,6148240,2024-03-19
162.01,162.398,161.47,161.99,4870296,2024-03-20
162.09,162.46,161.115,161.86,5211676,2024-03-21
162.2,162.41,161.47,161.66,6393425,2024-03-22
161.17,161.66,159.73,160.19,7145692,2024-03-25
160.36,161.14,160.14,160.55,5842850,2024-03-26
161.36,162.74,161.34,162.61,6599711,2024-03-27
162.82,163.14,161.7,162.25,7191571,2024-03-28
161.78,162.07,159.8,160.58,5707151,2024-04-01
159.64,160.71,159.64,160.57,5806429,2024-04-02
160.63,160.88,155.68,156.15,9549152,2024-04-03
156.88,157.08,155.41,155.45,6414996,2024-04-04
155.29,157.06,154.69,156.1,5059173,2024-04-05
155.97,156.7,155.63,156.04,5453262,2024-04-08
156.27,156.75,155.7,156.66,4578522,2024-04-09
155.65,157.58,155.65,157.24,7785084,2024-04-10
157.55,157.6,155.77,155.84,8209765,2024-04-11
155.22,155.97,154.74,155.33,6770659,2024-04-12
156.42,156.82,155.33,155.45,5753987,2024-04-15
155.85,156.94,155.665,155.95,6103296,2024-04-16
156.3,157.115,155.74,156.96,6621906,2024-04-17
156.34,157.63,155.96,157.29,7819261,2024-04-18
154.98,158.175,153.52,158.14,12034186,2024-04-19
158.43,161.285,157.2525,160.54,8926327,2024-04-22
161.68,162.1,160.415,161.5,7707250,2024-04-23
161.2,162.86,159.42,162.6,7217563,2024-04-24
162.97,164.32,162.08,162.55,7094620,2024-04-25
162.5,163.32,160.49,161.29,5659784,2024-04-26
161.17,161.79,160.41,161.66,4622164,2024-04-29
161.84,163.35,161.6,163.2,8106098,2024-04-30
163.28,164.24,162.22,163.4,7543154,2024-05-01
163.54,164.49,162.6401,163.84,5647490,2024-05-02
163.54,164.71,162.16,164.46,5581692,2024-05-03
164.78,164.98,163.2629,164.44,5472549,2024-05-06
164.98,166.04,164.59,165.76,6433090,2024-05-07
165.98,166.37,164.93,165.07,4579471,2024-05-08
165.05,166.33,165.05,166.04,4671126,2024-05-09
166.09,167.36,165.7,166.85,4879427,2024-05-10
166.85,167.65,165.36,165.87,5725523,2024-05-13
165.53,166.07,163.95,165.76,6009837,2024-05-14
165.31,166.68,165.12,166.51,5102897,2024-05-15
166.93,168.34,166.59,167.86,6793672,2024-05-16
167.67,168.0,166.88,167.64,4700819,2024-05-17
167.55,167.88,166.7905,167.31,3804823,2024-05-20
167.76,168.535,167.2902,168.35,5147065,2024-05-21
168.01,168.425,167.6268,167.81,4536733,2024-05-22
167.29,168.11,165.32,165.49,4729792,2024-05-23
165.85,166.31,165.15,165.33,3820090,2024-05-24
164.49,164.755,162.26,163.11,6466193,2024-05-28
162.65,162.74,161.42,161.65,4360383,2024-05-29
161.65,162.7,161.48,162.58,4756454,2024-05-30
162.44,164.77,161.97,164.54,10341644,2024-05-31
163.93,166.24,163.63,164.65,5828442,2024-06-03
164.79,167.12,164.4,167.01,6277001,2024-06-04
167.01,167.01,164.98,166.05,5243345,2024-06-05
165.83,168.58,165.08,168.47,6302243,2024-06-06
168.4,168.97,166.84,167.06,4558190,2024-06-07
166.78,167.715,166.08,167.35,4110668,2024-06-10
166.97,167.5,166.02,167.48,3947671,2024-06-11
167.5,167.64,164.2209,165.18,5474498,2024-06-12
164.47,167.0,164.47,166.41,4902180,2024-06-13
165.99,166.93,165.25,166.79,3694974,2024-06-14
165.85,168.71,165.4,167.5,6759352,2024-06-17
167.03,168.65,166.94,168.56,5112634,2024-06-18
168.37,168.78,166.86,167.67,8483606,2024-06-20
167.48,168.88,167.18,168.26,14682061,2024-06-21
168.76,169.41,167.48,168.45,7565304,2024-06-24
168.63,168.9075,165.9,166.85,8323968,2024-06-25
166.05,167.81,165.66,167.45,5164046,2024-06-26
167.49,168.1,165.5,166.62,5006990,2024-06-27
166.0,167.24,164.58,164.92,9253317,2024-06-28
165.59,166.21,162.2,162.72,7638639,2024-07-01
162.58,164.04,161.71,163.9,5449219,2024-07-02
163.21,164.21,162.975,163.83,2980461,2024-07-03
164.01,165.625,163.5,165.21,6509248,2024-07-05
165.95,166.6734,165.62,166.52,5144458,2024-07-08
166.63,166.759,165.14,165.66,4393179,2024-07-09
165.9,166.92,165.54,166.8,5037097,2024-07-10
166.3,166.63,164.78,165.54,5833061,2024-07-11
166.22,167.64,166.02,166.61,4684642,2024-07-12
166.47,166.615,164.46,164.58,5752513,2024-07-15
164.91,167.07,164.61,166.95,6378312,2024-07-16
167.75,170.17,167.33,169.44,7982328,2024-07-17
168.8,170.92,168.28,168.44,5926346,2024-07-18
167.97,169.035,167.13,167.96,6597090,2024-07-19
167.93,168.7,167.7,168.25,6383031,2024-07-22
168.11,168.4199,166.32,166.62,4863398,2024-07-23
166.32,168.28,165.575,168.0,5906992,2024-07-24
168.32,170.085,166.87,166.9,7338521,2024-07-25
167.25,169.32,167.03,169.11,5581557,2024-07-26
168.85,170.5399,168.11,169.93,6797832,2024-07-29
161.79,162.38,158.04,161.7,15746254,2024-07-30
160.81,162.86,159.21,160.76,9660902,2024-07-31
160.88,166.305,160.68,165.69,12532700,2024-08-01
167.44,170.35,165.15,170.08,11899038,2024-08-02
170.88,170.88,166.67,168.06,10338767,2024-08-05
167.9,170.33,167.85,168.09,7454869,2024-08-06
168.57,171.72,168.01,170.02,8385546,2024-08-07
169.42,171.56,169.0,170.87,6386941,2024-08-08
170.12,171.26,169.65,170.54,5377378,2024-08-09
169.4,169.65,166.2,166.81,7208103,2024-08-12
167.34,167.8,166.46,167.29,3770007,2024-08-13
166.5,169.47,165.82,168.8,5476675,2024-08-14
169.46,169.68,166.75,167.92,9491625,2024-08-15
167.82,168.35,166.8,167.89,5640925,2024-08-16
168.18,169.235,168.17,168.42,3885315,2024-08-19
168.77,170.56,168.11,170.41,4513600,2024-08-20
170.19,171.89,169.6,170.16,4082026,2024-08-21
170.88,171.24,169.14,170.15,4097382,2024-08-22
170.05,170.11,168.25,169.17,4771267,2024-08-23
168.695,170.97,168.695,170.35,6472417,2024-08-26
170.83,171.1,169.08,169.25,4456635,2024-08-27
169.42,171.2,168.58,169.06,5645040,2024-08-28
169.75,170.6,168.94,170.03,4413165,2024-08-29
170.16,171.88,169.69,171.54,7301617,2024-08-30
171.03,175.0,170.99,174.52,10101418,2024-09-03
173.63,176.0,173.63,175.9,6726882,2024-09-04
175.99,176.55,174.67,175.47,6061865,2024-09-05
175.76,177.04,175.34,175.59,5785684,2024-09-06
175.54,176.84,174.66,176.06,6450204,2024-09-09
175.91,177.94,175.91,177.79,6396311,2024-09-10
176.6,177.0,173.63,173.92,6828173,2024-09-11
173.9,174.6111,172.44,173.47,4839752,2024-09-12
173.37,174.54,172.8,174.08,3917986,2024-09-13
174.71,177.31,174.32,177.24,6892335,2024-09-16
176.625,176.97,175.36,175.88,4757247,2024-09-17
175.05,175.9,172.57,173.92,5102884,2024-09-18
172.88,173.16,170.38,171.54,8692016,2024-09-19
171.51,174.54,171.5,174.22,28647462,2024-09-20
174.01,175.185,172.5901,173.77,10265199,2024-09-23
172.88,174.5,172.615,173.24,5422351,2024-09-24
174.07,174.68,172.06,172.26,8916483,2024-09-25
171.5,174.61,171.36,173.21,4957367,2024-09-26
173.01,174.445,172.58,173.55,4599709,2024-09-27
173.73,174.0,172.71,173.2,6296653,2024-09-30
173.24,174.0,172.2,173.04,7130825,2024-10-01
172.01,172.45,171.08,171.92,6212890,2024-10-02
171.37,171.37,169.77,170.12,4794348,2024-10-03
168.85,170.09,168.26,168.88,6003668,2024-10-04
169.16,169.58,166.87,167.12,6325281,2024-10-07
166.85,168.59,166.27,168.16,7472965,2024-10-08
168.38,169.805,168.0,169.27,8758806,2024-10-09
168.8,169.79,168.37,168.95,6932308,2024-10-10
169.46,171.41,168.97,171.09,7036480,2024-10-11
171.02,172.84,170.74,172.51,5909158,2024-10-14
172.89,174.905,172.815,173.57,7172262,2024-10-15
171.88,172.59,170.89,172.38,6117053,2024-10-16
172.18,173.68,171.76,172.28,7045586,2024-10-17
170.3,172.21,168.46,171.28,8372536,2024-10-18
170.975,171.48,168.45,169.54,5522460,2024-10-21
168.57,170.73,168.57,169.7,7511671,2024-10-22
169.55,170.1656,168.725,169.58,4837810,2024-10-23
169.42,169.96,168.93,169.62,5861303,2024-10-24
168.92,169.4,168.041,168.22,4877911,2024-10-25
169.28,169.66,168.375,169.3,5754043,2024-10-28
168.86,168.86,166.83,167.17,5681358,2024-10-29
167.09,167.32,165.96,166.16,5518085,2024-10-30
165.76,167.04,165.09,165.18,6056514,2024-10-31
165.31,166.35,164.985,165.1,5455095,2024-11-01
165.72,166.27,164.58,165.08,5130338,2024-11-04
164.33,166.32,164.33,165.76,4397441,2024-11-05
165.61,166.04,159.81,161.05,11473688,2024-11-06
161.96,163.9534,161.475,163.41,9056725,2024-11-07
164.015,167.75,163.93,167.71,7506566,2024-11-08
167.0,168.52,165.775,166.03,6364403,2024-11-11
166.14,167.06,165.57,165.84,6507823,2024-11-12
166.06,166.795,165.68,166.58,5412566,2024-11-13
166.71,168.04,166.51,167.08,7444273,2024-11-14
167.94,170.57,166.88,169.54,9939416,2024-11-15
169.11,171.45,168.8301,170.75,6681087,2024-11-18
170.69,171.17,169.66,170.76,5683673,2024-11-19
170.01,171.07,169.5055,170.89,7081237,2024-11-20
171.66,173.51,170.22,172.75,6240403,2024-11-21
174.145,177.4,173.88,176.28,10609785,2024-11-22
177.48,178.82,176.904,177.39,19357005,2024-11-25
177.2,179.46,177.2,179.31,6276933,2024-11-26
180.0,180.43,178.725,179.36,5522912,2024-11-27
178.7,179.63,178.28,179.26,3823708,2024-11-29
179.12,180.16,178.01,179.7,5728297,2024-12-02
178.77,179.62,175.2,175.42,8127329,2024-12-03
174.17,175.15,173.46,175.11,6823659,2024-12-04
174.86,176.459,174.45,176.03,5022189,2024-12-05
175.37,176.74,173.75,173.82,5741167,2024-12-06
173.635,173.76,170.43,170.79,7164286,2024-12-09
170.42,172.93,169.93,172.28,6220088,2024-12-10
173.01,173.39,170.395,170.63,5237533,2024-12-11
171.43,171.8177,170.02,170.85,4072810,2024-12-12
170.77,171.7875,170.12,171.06,3884513,2024-12-13
171.445,172.78,171.0975,171.14,5943680,2024-12-16
170.67,171.954,170.02,170.33,6069344,2024-12-17
169.76,170.56,169.02,169.08,7517081,2024-12-18
169.01,170.1,167.35,169.19,8585220,2024-12-19
168.87,169.865,167.5,168.06,21999342,2024-12-20
168.06,168.68,166.36,168.11,6984079,2024-12-23
167.62,169.18,167.42,168.94,2460756,2024-12-24
168.31,170.3,168.07,170.16,3629533,2024-12-26
169.42,170.76,169.26,169.53,4367879,2024-12-27
168.665,168.98,166.71,167.09,4354543,2024-12-30
167.36,168.08,166.59,167.65,3957920,2024-12-31
168.085,168.7052,165.91,165.98,5401712,2025-01-02
166.25,166.5,164.25,165.13,5256807,2025-01-03
162.81,163.5,160.44,160.6,8731671,2025-01-06
161.46,162.61,160.74,161.3,8447744,2025-01-07
160.99,162.4,160.565,162.1,4974783,2025-01-08
160.15,161.21,157.47,158.56,8501525,2025-01-10
159.35,160.09,158.41,158.84,6772198,2025-01-13
158.85,160.07,158.31,159.74,5982254,2025-01-14
160.59,161.15,159.335,159.65,8059231,2025-01-15
159.62,160.58,159.135,160.5,5774429,2025-01-16
159.74,161.75,159.6,161.13,7262739,2025-01-17
160.96,162.35,160.96,161.72,13914694,2025-01-21
167.1,168.14,164.44,164.74,14356691,2025-01-22
163.88,166.48,163.32,166.15,7614308,2025-01-23
165.91,165.91,163.2,164.12,6199939,2025-01-24
166.72,169.94,166.11,169.66,9170829,2025-01-27
168.91,169.59,166.11,166.19,6716387,2025-01-28
166.72,167.29,165.8805,166.23,4850295,2025-01-29
167.48,167.6,165.93,167.41,4136546,2025-01-30
166.0,166.62,165.21,165.99,5464903,2025-01-31
165.47,169.38,165.23,168.76,8668729,2025-02-03
169.29,169.29,166.28,168.13,6410938,2025-02-04
168.09,169.14,166.61,169.01,7537232,2025-02-05
169.37,169.93,168.03,168.88,4957889,2025-02-06
169.09,169.12,167.87,167.97,4535617,2025-02-07
167.69,168.48,166.4,167.53,7063167,2025-02-10
167.69,169.57,166.5,169.43,5438081,2025-02-11
168.35,170.08,167.97,169.58,6037671,2025-02-12
169.63,171.38,169.14,171.02,6328365,2025-02-13
169.79,170.0,162.3,162.89,13179478,2025-02-14
163.35,165.76,162.2,165.43,7075681,2025-02-18
166.1,166.87,165.24,166.49,7910823,2025-02-19
163.15,167.78,162.8,167.21,6162601,2025-02-20
167.44,170.5491,165.92,170.23,9813720,2025-02-21
170.22,172.98,169.79,170.54,8564057,2025-02-24
171.28,173.95,170.8,172.65,7314856,2025-02-25
172.28,172.65,170.65,171.3,5519041,2025-02-26
170.85,173.09,170.63,171.97,5466965,2025-02-27
173.58,174.65,171.85,173.84,10240069,2025-02-28
173.58,176.29,173.51,175.59,7615570,2025-03-03
176.75,179.99,172.91,173.18,12118023,2025-03-04
173.38,175.87,173.02,174.61,6989086,2025-03-05
174.89,175.84,172.8439,174.66,6702490,2025-03-06
174.09,178.89,174.05,175.95,9566763,2025-03-07
176.76,179.99,175.83,176.26,11017004,2025-03-10
175.825,175.99,172.32,173.12,11032285,2025-03-11
169.7,171.83,167.77,168.37,10159136,2025-03-12
167.7,169.29,167.2779,168.59,6609126,2025-03-13
167.79,168.59,166.62,167.97,6790624,2025-03-14
168.37,171.09,168.13,169.76,9931678,2025-03-17
170.07,170.26,167.58,167.71,6100242,2025-03-18
167.87,168.745,167.11,168.57,7569165,2025-03-19
168.89,169.205,166.03,167.55,8789167,2025-03-20
167.14,168.14,164.12,166.69,16027251,2025-03-21
166.43,166.8699,165.36,165.65,6102109,2025-03-24
165.3,165.37,162.195,162.85,8366736,2025-03-25
163.35,166.82,162.99,166.58,7757259,2025-03-26
167.87,169.03,166.62,168.71,6211735,2025-03-27
169.38,169.71,167.62,168.03,5479306,2025-03-28
168.1015,171.14,168.1015,170.42,11520451,2025-03-31
170.57,171.05,169.06,170.56,7021507,2025-04-01
170.07,170.88,168.31,169.5,6274548,2025-04-02
174.23,174.8,170.73,172.39,9393270,2025-04-03
171.765,173.6,163.47,163.75,13454205,2025-04-04
163.66,164.695,159.19,160.23,15708009,2025-04-07
162.31,163.28,156.71,158.39,11541114,2025-04-08
157.36,164.68,156.69,162.32,10670212,2025-04-09
162.9,165.07,160.75,163.56,10581571,2025-04-10
163.37,168.015,162.62,166.91,8603200,2025-04-11
167.04,170.11,165.78,169.13,9877411,2025-04-14
169.14,170.16,168.28,168.47,8764978,2025-04-15
169.285,169.68,165.79,166.39,5897634,2025-04-16
167.53,171.65,167.35,170.63,7227061,2025-04-17
169.89,169.95,164.28,165.75,8062360,2025-04-21
165.86,168.77,164.535,167.88,7907421,2025-04-22
166.4,166.61,163.11,165.73,9309164,2025-04-23
160.5,160.955,156.58,159.53,20077665,2025-04-24
159.88,161.8,157.77,161.02,12893200,2025-04-25
161.04,162.56,160.39,161.85,8126981,2025-04-28
161.285,162.39,159.2,162.26,8266154,2025-04-29
162.45,163.16,159.95,162.57,12475539,2025-04-30
160.655,161.345,159.05,159.98,6792815,2025-05-01
160.925,161.81,159.9,160.52,5750165,2025-05-02
160.89,160.91,158.02,158.83,7576219,2025-05-05
158.04,159.71,157.6459,159.25,7703843,2025-05-06
159.02,160.05,158.54,159.29,6430156,2025-05-07
158.38,160.0,158.01,158.65,7230806,2025-05-08
158.02,159.1254,157.41,157.66,6453232,2025-05-09
157.425,161.05,156.69,160.9,7378380,2025-05-12
160.02,160.72,157.36,158.73,7780827,2025-05-13
158.12,159.16,157.57,158.02,5988905,2025-05-14
159.59,162.908,158.7,162.41,8727316,2025-05-15
162.65,163.43,161.85,163.28,7100784,2025-05-16
163.47,165.15,163.41,164.77,8120219,2025-05-19
164.61,166.0,164.6,165.64,5576561,2025-05-20
164.82,166.365,164.62,165.43,6424153,2025-05-21
164.44,166.2,164.02,165.03,6245571,2025-05-22
164.825,166.2196,163.48,165.86,5349868,2025-05-23
165.27,167.98,165.27,167.76,11423794,2025-05-27
167.65,168.84,167.06,167.36,5385942,2025-05-28
166.74,168.99,166.44,168.56,4842554,2025-05-29
168.75,170.99,168.6,169.89,12587537,2025-05-30
169.02,169.04,166.23,167.78,7574428,2025-06-02
166.78,167.405,165.9,166.85,6223447,2025-06-03
166.69,168.045,165.923,165.95,4939333,2025-06-04
165.43,165.44,162.51,162.8,10352288,2025-06-05
163.29,165.24,163.28,164.02,5697877,2025-06-06
163.39,164.016,162.07,162.56,6544199,2025-06-09
162.69,163.51,161.92,162.84,7680015,2025-06-10
162.63,162.7699,161.69,162.11,5960052,2025-06-11
161.97,163.31,161.675,163.18,6509891,2025-06-12
162.765,163.03,159.91,160.28,7104547,2025-06-13
160.88,161.95,160.01,160.88,6331961,2025-06-16
160.06,160.37,158.31,158.52,6809747,2025-06-17
158.55,158.65,157.66,158.02,7211225,2025-06-18
158.03,159.34,157.85,159.08,16173371,2025-06-20
159.07,161.19,159.0,161.03,6588223,2025-06-23
161.175,161.74,159.65,160.36,7470052,2025-06-24
159.825,160.34,158.71,158.97,5933715,2025-06-25
159.55,159.56,157.17,158.63,7410446,2025-06-26
158.68,160.13,158.29,159.86,19256955,2025-06-27
159.26,159.9,158.13,159.32,11238201,2025-06-30
159.88,162.53,159.38,161.22,10664891,2025-07-01
161.135,161.35,159.86,161.2,8848744,2025-07-02
161.79,162.02,159.785,160.83,6999589,2025-07-03
160.89,161.18,159.29,160.5,7225695,2025-07-07
159.52,159.78,157.44,157.89,12034764,2025-07-08
158.1,158.2,155.95,157.52,18770894,2025-07-09
157.76,159.6099,157.04,158.49,7201748,2025-07-10
158.05,158.05,156.44,157.05,8053808,2025-07-11
155.58,155.8,152.86,153.76,11491688,2025-07-14
153.56,154.05,151.9,152.68,9142615,2025-07-15
152.74,153.76,152.27,153.73,8478997,2025-07-16
154.04,155.75,153.875,155.62,8319996,2025-07-17
153.78,155.565,153.63,155.1,7337252,2025-07-18
155.07,155.94,154.89,155.03,6328370,2025-07-21
154.92,158.37,154.9,158.32,8186970,2025-07-22
158.22,158.88,157.68,158.28,4804795,2025-07-23
158.87,159.02,158.05,158.81,7027392,2025-07-24
157.34,158.44,157.02,158.3,5800248,2025-07-25
157.625,158.09,156.23,157.11,7885026,2025-07-28
158.65,158.65,154.84,156.61,11466058,2025-07-29
157.0,157.0,152.05,152.88,8162888,2025-07-30
151.8,152.0,149.91,150.47,11845443,2025-07-31
151.775,153.49,150.52,150.65,8594220,2025-08-01
150.25,151.46,150.02,150.76,7679361,2025-08-04
150.71,152.08,150.32,150.51,6670065,2025-08-05
150.86,153.48,150.21,152.86,7376213,2025-08-06
153.12,154.01,152.7,153.49,6719044,2025-08-07
152.77,153.79,152.57,153.51,5811281,2025-08-08
153.54,155.39,153.31,154.98,7331707,2025-08-11
155.06,155.545,154.31,155.09,6938336,2025-08-12
155.205,157.011,154.95,155.41,5812356,2025-08-13
154.64,154.7,153.27,153.74,6343715,2025-08-14
154.47,155.6,154.21,154.36,7121700,2025-08-15
154.42,156.915,154.17,155.72,8274726,2025-08-18
155.725,158.7,155.67,158.4,7868129,2025-08-19
158.58,161.03,158.41,159.51,7840355,2025-08-20
157.93,159.06,157.175,158.73,6417695,2025-08-21
159.38,160.68,158.31,158.67,5797325,2025-08-22
158.39,158.7,155.89,156.15,4692505,2025-08-25
155.92,156.695,155.34,155.97,6337977,2025-08-26
156.15,157.125,155.79,156.96,4551219,2025-08-27
157.0,157.01,155.03,155.65,5857727,2025-08-28
156.09,157.555,155.6501,157.04,5318179,2025-08-29
157.36,158.86,156.98,157.99,6432837,2025-09-02
157.65,158.635,156.495,158.17,6508452,2025-09-03
158.52,159.75,157.81,159.19,6935245,2025-09-04
158.55,160.56,158.41,160.02,6436150,2025-09-05
159.61,160.27,158.25,159.01,7178356,2025-09-08
158.61,159.865,158.195,159.46,4984936,2025-09-09
158.595,158.94,155.89,157.35,6205463,2025-09-10
157.72,159.35,157.39,158.63,5819875,2025-09-11
157.93,159.13,157.78,157.9,5957021,2025-09-12
157.88,158.52,156.2,156.83,5994966,2025-09-15
157.135,158.39,156.89,158.05,6559608,2025-09-16
158.425,161.67,158.425,160.33,6764169,2025-09-17
158.15,159.0242,157.16,157.32,7651487,2025-09-18
157.61,157.62,155.97,156.04,17224774,2025-09-19
156.08,156.08,153.05,153.07,8712910,2025-09-22
153.195,153.295,150.97,152.5,8853418,2025-09-23
152.05,153.63,151.79,152.42,6483264,2025-09-24
153.23,153.88,151.78,152.15,7511415,2025-09-25
152.23,152.68,151.53,152.5,5721092,2025-09-26
152.42,153.716,151.7852,153.53,8139711,2025-09-29
153.46,154.38,152.84,153.65,7762609,2025-09-30
153.695,153.89,151.41,153.18,7566014,2025-10-01
152.72,152.8,151.625,152.05,6892089,2025-10-02
152.0,153.43,152.0,152.27,5212584,2025-10-03
151.5,152.32,150.4,150.41,6736960,2025-10-06
150.76,153.17,150.05,152.54,6844361,2025-10-07
152.79,152.79,150.63,150.69,5254728,2025-10-08
150.74,150.87,149.58,150.58,6134461,2025-10-09
150.935,151.515,149.45,149.69,7374046,2025-10-10
149.0,149.4299,146.965,147.49,7511103,2025-10-13
147.57,149.25,147.0802,149.16,8585346,2025-10-14
148.525,149.4113,147.27,147.42,10003073,2025-10-15
148.01,150.4,147.92,149.6,8809673,2025-10-16
150.57,152.03,150.43,151.4,8612894,2025-10-17
151.59,152.39,151.2982,151.96,5601287,2025-10-20
151.96,152.28,150.87,151.62,6013379,2025-10-21
151.3,153.455,150.785,152.2,6394378,2025-10-22
152.35,153.3,150.58,152.21,8205353,2025-10-23
156.4,157.4,151.53,152.49,11968491,2025-10-24
151.61,151.76,150.13,151.74,7775323,2025-10-27
151.12,153.165,150.62,151.37,5819257,2025-10-28
150.66,150.97,148.47,148.77,7405466,2025-10-29
149.47,150.8,149.34,149.58,6760702,2025-10-30
148.71,151.1,148.53,150.37,7930334,2025-10-31
150.095,150.22,147.77,148.02,8946383,2025-11-03
148.595,149.5,146.25,147.17,9295449,2025-11-04
146.87,147.42,145.65,145.79,10996812,2025-11-05
145.88,146.68,144.46,146.13,10024549,2025-11-06
146.95,147.94,146.0,146.98,8500097,2025-11-07
146.38,146.62,144.09,145.5,10208085,2025-11-10
145.955,148.65,145.67,148.54,7332540,2025-11-11
148.53,149.15,147.51,148.01,7851052,2025-11-12
148.18,149.0,147.64,147.96,7566789,2025-11-13
149.1,149.38,147.61,147.67,9151066,2025-11-14
147.75,147.98,145.01,145.82,9902310,2025-11-17
146.325,147.39,145.51,146.99,10735177,2025-11-18
146.96,147.54,145.86,146.99,6367038,2025-11-19
146.64,148.655,146.13,148.19,9021325,2025-11-20
